id,Status_C,Status_CL,Status_D
7905,0.8503337063698939,0.011244630586709915,0.13842166304339618
7906,0.8830918434015367,0.036465066888432096,0.08044308971003139
7907,0.03575669571744616,0.018025362829940477,0.9462179414526133
7908,0.9116868321356849,0.012470196379933036,0.07584297148438207
7909,0.8106288617100019,0.018512181742296113,0.170858956547702
7910,0.965493378195362,0.010334834795925027,0.0241717870087129
7911,0.9135278193607992,0.015698774040237777,0.07077340659896303
7912,0.3929451605220887,0.02943194161697733,0.577622897860934
7913,0.0007909184859565742,0.0031373322548278394,0.9960717492592156
7914,0.026681292136898297,0.005282460987479686,0.968036246875622
7915,0.43432716264946997,0.04983088564775179,0.5158419517027782
7916,0.6159462808683643,0.022282144711420038,0.36177157442021557
7917,0.23470488144610505,0.15426372456359772,0.6110313939902972
7918,0.651696735377471,0.0392487713306093,0.30905449329191986
7919,0.5162973111445052,0.0478249365910701,0.4358777522644247
7920,0.916522880741623,0.012972743898715298,0.07050437535966167
7921,0.870521012155259,0.017972680332551803,0.11150630751218915
7922,0.01462798700160273,0.003817283537599013,0.9815547294607982
7923,0.9223628095850469,0.0029940599292199196,0.07464313048573322
7924,0.6959257753630923,0.045396063918409425,0.25867816071849836
7925,0.00518317939033843,0.016380091494321136,0.9784367291153405
7926,0.4054792051961652,0.005579324164448359,0.5889414706393865
7927,0.6549414913778352,0.12923785587178274,0.21582065275038206
7928,0.043647004422844755,0.06467160715911006,0.8916813884180451
7929,0.7492213680315749,0.10935863998926909,0.14141999197915617
7930,0.44077288597053793,0.14041892369371178,0.4188081903357504
7931,0.7896460283896748,0.020378293636697405,0.18997567797362763
7932,0.20889748856541762,0.015664925470991888,0.7754375859635905
7933,0.5392696521589069,0.013940674599349567,0.44678967324174357
7934,0.9771149089815147,0.0029174209827050068,0.019967670035780233
7935,0.8730146850703201,0.014554369355755064,0.1124309455739249
7936,0.8689401306664782,0.02136414296380917,0.10969572636971264
7937,0.10786957279127724,0.020451231357818626,0.871679195850904
7938,0.9234404830587658,0.02212463714929867,0.05443487979193555
7939,0.5378518703031251,0.037068822349283076,0.425079307347592
7940,0.8730520332729447,0.03482100638301318,0.09212696034404212
7941,0.2012671966108476,0.06427937813206923,0.7344534252570831
7942,0.8604480192928298,0.022176964660426606,0.11737501604674379
7943,0.003819533121582033,0.009757187514747254,0.9864232793636707
7944,0.9338497540665021,0.007039527491701851,0.05911071844179615
7945,0.9649773531823304,0.002525586689766177,0.032497060127903626
7946,0.8668463147432486,0.02448030858500793,0.10867337667174341
7947,0.6674513974570502,0.014074698080317945,0.31847390446263185
7948,0.23573746392265787,0.030095589706396857,0.7341669463709453
7949,0.5585269626152787,0.039058971350847654,0.40241406603387353
7950,0.8603385679499093,0.016394689595239334,0.12326674245485138
7951,0.4273972338353389,0.04590015326160547,0.5267026129030558
7952,0.23398063849061865,0.06733259268375637,0.698686768825625
7953,0.010425898589954873,0.004463995155786331,0.9851101062542589
7954,0.7182130809590325,0.05878788238531805,0.22299903665564957
7955,0.1747621731847939,0.018933370286021756,0.8063044565291843
7956,0.15224556543051174,0.046109505644927065,0.8016449289245613
7957,0.8508742067662766,0.024306594636140107,0.12481919859758331
7958,0.10159805805824881,0.0205049805381481,0.877896961403603
7959,0.5824122300503617,0.08048723691942852,0.33710053303020987
7960,0.3423825597225654,0.03810148609696759,0.619515954180467
7961,0.8900978874106887,0.013400652304029094,0.09650146028528227
7962,0.339292504719201,0.028389663288535923,0.632317831992263
7963,0.31287421571886986,0.022816880021923135,0.664308904259207
7964,0.016769906075319505,0.03939096611659243,0.943839127808088
7965,0.941167246464029,0.018411687694530623,0.04042106584144037
7966,0.827518146548249,0.005243549562016566,0.1672383038897345
7967,0.9228814558846182,0.01695344880157298,0.06016509531380885
7968,0.9174515442243685,0.00508223915317692,0.07746621662245468
7969,0.38372326887643116,0.04709617787822641,0.5691805532453424
7970,0.8644689447357735,0.0035450286280632112,0.13198602663616324
7971,0.9651945927964126,0.001772228108036481,0.0330331790955508
7972,0.4660414791144661,0.2328009821876385,0.30115753869789536
7973,0.9530603606230404,0.009196336435501542,0.03774330294145787
7974,0.3990104249492546,0.15075299522479146,0.45023657982595383
7975,0.7955160467447088,0.01841240889106501,0.1860715443642263
7976,0.018774681233044467,0.004646214766480988,0.9765791040004747
7977,0.9573340328587482,0.010023182771710014,0.032642784369541836
7978,0.1271461359708137,0.02758813110795254,0.8452657329212337
7979,0.7293593910837853,0.015535090396132972,0.25510551852008156
7980,0.9515517216067869,0.002403939922444724,0.04604433847076821
7981,0.6104931832902762,0.08571542332994034,0.3037913933797834
7982,0.6729154598331843,0.04076617161294855,0.2863183685538671
7983,0.6762826146994818,0.1410144599087813,0.18270292539173694
7984,0.3915913443530305,0.10194109354979732,0.5064675620971723
7985,0.7237905542025347,0.025819637606420108,0.25038980819104506
7986,0.30742867332610085,0.26644593073801615,0.426125395935883
7987,0.5369426542408987,0.15442001785024412,0.3086373279088572
7988,0.7261004300105094,0.024787772293853365,0.24911179769563727
7989,0.8695068139949227,0.01930972568714032,0.11118346031793704
7990,0.20520648785912007,0.0087003778526082,0.7860931342882717
7991,0.13532174160954666,0.0690007091359561,0.7956775492544973
7992,0.9253387840326222,0.01289994838279876,0.061761267584578984
7993,0.3905764590010027,0.05040870117461115,0.5590148398243862
7994,0.908822984955632,0.02468992666974019,0.06648708837462798
7995,0.8940992773540699,0.02411167122619402,0.08178905141973608
7996,0.11433696310232347,0.05086834364492983,0.8347946932527468
7997,0.8603919008777071,0.02450223505570505,0.11510586406658783
7998,0.0002811909601745703,0.004094623570104383,0.9956241854697211
7999,0.0010084542648163535,0.0012854837717581294,0.9977060619634256
8000,0.6459845500299526,0.013072581559765923,0.34094286841028154
8001,0.8453141002866266,0.016974964565298893,0.13771093514807453
8002,0.5204733618485111,0.1453016457628883,0.3342249923886006
8003,0.784132435811236,0.1112670327784906,0.10460053141027342
8004,0.5043212301766962,0.028917846880319568,0.4667609229429844
8005,0.6339016568582261,0.038136689274368175,0.3279616538674057
8006,0.920320158494509,0.017541906593140894,0.06213793491235008
8007,0.8601153951836651,0.007722181139670346,0.13216242367666464
8008,0.9637885427370574,0.007889222808286956,0.02832223445465568
8009,0.8484038459572637,0.01323329007680796,0.13836286396592848
8010,0.9180197673204774,0.01799312495300077,0.06398710772652183
8011,0.5804160979462399,0.034460715845376653,0.38512318620838354
8012,0.7980822024018214,0.015483790017591693,0.18643400758058695
8013,0.3107658792127995,0.021251400266704523,0.6679827205204959
8014,0.7748806138077399,0.07273764717238759,0.1523817390198725
8015,0.9672491351078006,0.006512973049958324,0.026237891842241217
8016,0.9439381724171867,0.015391852483647257,0.04066997509916583
8017,0.6348427002575665,0.007140863369367321,0.3580164363730661
8018,0.6081202332574598,0.03044875308547358,0.3614310136570666
8019,0.8510559312807603,0.050281286323321225,0.09866278239591848
8020,0.6066667495992667,0.033731813411114885,0.3596014369896184
8021,0.044513575052368054,0.0018690779209175447,0.9536173470267144
8022,0.2759401245747772,0.04502019724573583,0.679039678179487
8023,0.8635975948406327,0.032718877369916785,0.10368352778945045
8024,0.8934060260479902,0.002655015126922613,0.1039389588250872
8025,0.23102955541558695,0.0550760042533936,0.7138944403310193
8026,0.9046834773712906,0.014815503283371468,0.080501019345338
8027,0.9418116428432841,0.015715309236156803,0.04247304792055919
8028,0.2531225353059567,0.02782972677868392,0.7190477379153595
8029,0.47278022724471425,0.10099146725998791,0.4262283054952978
8030,0.8766036371010258,0.004112224417988036,0.11928413848098618
8031,0.7308791859554297,0.05934776324469051,0.2097730507998798
8032,0.9246450781215229,0.004804056596031981,0.07055086528244506
8033,0.26805604155181445,0.15045520988629651,0.5814887485618891
8034,0.7120364161299915,0.010135570412643374,0.27782801345736524
8035,0.8832111462633211,0.004357979732745553,0.11243087400393337
8036,0.9164520750221159,0.0395062581118724,0.04404166686601156
8037,0.18065117907296935,0.06360023754406458,0.755748583382966
8038,0.7804473368590856,0.03161251871213592,0.18794014442877857
8039,0.2094056695787218,0.02737384497219539,0.7632204854490828
8040,0.2468277931052983,0.05844830999797513,0.6947238968967265
8041,0.16827063031855524,0.04717624736114353,0.7845531223203012
8042,0.129035918369081,0.12662068123268075,0.7443434003982383
8043,0.8213135730119372,0.030543786820210035,0.14814264016785278
8044,0.01765939757825053,0.0376984725148029,0.9446421299069465
8045,0.27655014135645917,0.06192067344451364,0.6615291851990273
8046,0.801098596231831,0.005345545729016198,0.1935558580391528
8047,0.9010674178316569,0.020626131992703703,0.07830645017563949
8048,0.9075641342233174,0.0142623271260434,0.0781735386506392
8049,0.778891669470212,0.10414725776293508,0.11696107276685284
8050,0.25735941056831174,0.019199985349526473,0.7234406040821617
8051,0.5387073464386294,0.07417402628192474,0.38711862727944585
8052,0.9433045380396742,0.03253732441020312,0.024158137550122603
8053,0.122087775084937,0.047492601848092064,0.830419623066971
8054,0.8369900479194873,0.018700363059318412,0.1443095890211943
8055,0.3289887433692841,0.046398578296711276,0.6246126783340046
8056,0.9202004347126438,0.01983379253756646,0.05996577274978974
8057,0.894823159643625,0.009261364983590382,0.09591547537278482
8058,0.7403811610845549,0.010255134970915732,0.24936370394452934
8059,0.8762895080102506,0.031312464938222935,0.09239802705152639
8060,0.1647207998491949,0.18668659872376714,0.648592601427038
8061,0.2318314706972165,0.058181331982727735,0.7099871973200558
8062,0.19454956484602354,0.01661773213041281,0.7888327030235637
8063,0.9492865452396867,0.011646514753865106,0.03906694000644818
8064,0.0970113276535141,0.046741365566230784,0.8562473067802552
8065,0.9296423509790226,0.016675343267527367,0.053682305753449955
8066,0.97111396608559,0.008059928350604133,0.020826105563805784
8067,0.14182828116997143,0.027216167648403487,0.830955551181625
8068,0.6951109726791735,0.06002687788423966,0.24486214943658685
8069,0.7611748738527419,0.024576656447337315,0.21424846969992084
8070,0.959075127847126,0.005981556774939429,0.03494331537793464
8071,0.9468617698082824,0.009167895969271424,0.0439703342224462
8072,0.9261154835240648,0.014012744549277856,0.05987177192665719
8073,0.9288503449044538,0.015207988580768708,0.05594166651477743
8074,0.592211596844478,0.024238068834396796,0.3835503343211252
8075,0.7382056562396659,0.03759710151436697,0.22419724224596718
8076,0.9168260069021648,0.014527476833804323,0.06864651626403079
8077,0.2688941762082946,0.03697978490157734,0.6941260388901281
8078,0.25697393605649566,0.10044732138214668,0.6425787425613577
8079,0.938227770957125,0.010189635185314367,0.05158259385756084
8080,0.7962922723644094,0.03909055313372922,0.16461717450186153
8081,0.875376018091264,0.019306978724997526,0.10531700318373845
8082,0.7174767920762446,0.01666221950558633,0.26586098841816913
8083,0.3057695794722214,0.1378413558643383,0.5563890646634403
8084,0.3680937797992152,0.03380401373044093,0.5981022064703438
8085,0.9098637300765248,0.03364945942306504,0.056486810500410135
8086,8.258130836128924e-05,0.000577795970307063,0.9993396227213317
8087,0.8859319554920377,0.016731620447056953,0.09733642406090529
8088,0.6041678173237466,0.031641109394371404,0.364191073281882
8089,0.8821533203186275,0.005276163026085912,0.11257051665528663
8090,0.04134837976997405,0.04772870842885056,0.9109229118011755
8091,0.9430795883131493,0.011550698509805805,0.045369713177044885
8092,0.017838803408277634,0.01219465089317514,0.9699665456985472
8093,0.8596496188283784,0.024255743482978227,0.11609463768864346
8094,0.4080481133865012,0.12578709222295592,0.4661647943905427
8095,0.6589655533357511,0.11366448427304356,0.2273699623912054
8096,0.4275718637204613,0.008761158485741317,0.5636669777937974
8097,0.28226586705545476,0.010623764016345173,0.7071103689282001
8098,0.8466067844854189,0.02851926594014498,0.12487394957443611
8099,0.5099217296490092,0.02559494016189336,0.46448333018909754
8100,0.011457759062484373,0.014786544730114254,0.9737556962074014
8101,0.6197179591742552,0.08194926711576311,0.2983327737099818
8102,0.7622430129688355,0.01968473449657547,0.21807225253458917
8103,0.8182264842679781,0.03411250861924384,0.14766100711277813
8104,0.555652339032239,0.04234931594626233,0.4019983450214987
8105,0.004684017139750541,0.007985338896804662,0.9873306439634447
8106,0.941251466678827,0.012031199376733174,0.04671733394443982
8107,0.12116614826232172,0.055738946477967816,0.8230949052597104
8108,0.8917762731865857,0.028957318838211826,0.07926640797520255
8109,0.8270737717270892,0.005210365160728778,0.16771586311218203
8110,0.8862209566749412,0.050366228784964696,0.0634128145400943
8111,0.5884744765363518,0.11449690051012408,0.29702862295352417
8112,0.5067060267694952,0.03809728186633996,0.4551966913641649
8113,0.07701332595794157,0.04742371553166506,0.8755629585103935
8114,0.07458060973158744,0.24480834421280756,0.680611046055605
8115,0.9309956592008898,0.01784624504707671,0.051158095752033485
8116,0.6414244515958275,0.0678018976785446,0.29077365072562783
8117,0.10536827027450152,0.027851586802988212,0.8667801429225103
8118,0.46859147353352876,0.11314744598225683,0.4182610804842144
8119,0.8858506633170449,0.007994174754092498,0.1061551619288626
8120,0.8557108171617226,0.03373154805551237,0.11055763478276498
8121,0.23963781514192073,0.023133456849542395,0.7372287280085369
8122,0.9780878389183056,0.004091119399309308,0.01782104168238498
8123,0.9706509982444574,0.008054662816967853,0.02129433893857474
8124,0.5302567979852209,0.06944423142790328,0.40029897058687575
8125,0.7305922745575042,0.037386770425498136,0.23202095501699765
8126,0.8360901506946171,0.014347488085120987,0.14956236122026198
8127,0.34482856324281574,0.06713991627549493,0.5880315204816894
8128,0.6639783879122725,0.01941775282027759,0.3166038592674498
8129,0.904846653618291,0.06080477020745814,0.03434857617425092
8130,0.3022411217856871,0.035835538791439116,0.6619233394228737
8131,0.13742437482491243,0.029613776772148902,0.8329618484029385
8132,0.6937059703425339,0.01949114692413457,0.28680288273333154
8133,0.7980844835530931,0.09322750240170503,0.10868801404520179
8134,0.8635080828049373,0.017146659425066997,0.11934525776999576
8135,0.043954926804814644,0.03408959916153912,0.9219554740336462
8136,0.011895930339401575,0.02670648757000778,0.9613975820905906
8137,0.8548032660999749,0.006380170962592839,0.13881656293743222
8138,0.09412063132295434,0.03289391280363212,0.8729854558734135
8139,0.14108176905080583,0.02765148977435321,0.8312667411748409
8140,0.6659807988561508,0.03931269834788074,0.2947065027959685
8141,0.9591540480441586,0.009947457595555705,0.030898494360285716
8142,0.896285771696486,0.06128036106169767,0.04243386724181627
8143,0.9266262053639321,0.019614882877281425,0.05375891175878664
8144,0.20371217932861452,0.11878782704872443,0.677499993622661
8145,0.8605416303062503,0.016682147118420976,0.12277622257532866
8146,0.9715497097480422,0.0029197419938737446,0.025530548258084033
8147,0.7393240321688673,0.0196290444996745,0.2410469233314581
8148,0.8684733268058357,0.02405997038883326,0.10746670280533112
8149,0.8673592884280499,0.035649367408875414,0.09699134416307466
8150,0.834483187663501,0.023453028996843116,0.14206378333965594
8151,0.5348090024167071,0.016969154729688227,0.44822184285360467
8152,0.9719559149010832,0.0052165533974993196,0.02282753170141744
8153,0.9056438036966444,0.01378653418107544,0.08056966212228017
8154,0.873736192359796,0.03598250087378831,0.09028130676641555
8155,0.14494121020761644,0.046610321825357244,0.8084484679670263
8156,0.9626047680971731,0.012404942824652473,0.024990289078174445
8157,0.7047253551134703,0.03932580054997981,0.25594884433654985
8158,0.8947489292218259,0.04453961475133994,0.06071145602683419
8159,0.5175245777613733,0.025738988141375437,0.45673643409725134
8160,0.479767346237264,0.02943905249494885,0.4907936012677872
8161,0.807914271861432,0.04793032445702174,0.1441554036815462
8162,0.5947661192269577,0.08079787983143953,0.32443600094160285
8163,0.40387514265111835,0.022491854347130923,0.5736330030017508
8164,0.8964951494174526,0.03181308036779649,0.07169177021475105
8165,0.1749322931114921,0.07510246287625004,0.749965244012258
8166,0.8674360234685552,0.004725539963233709,0.12783843656821123
8167,0.29950983619421,0.014643532559044398,0.6858466312467457
8168,0.7244459213348833,0.016095923707577828,0.25945815495753893
8169,0.8684423484830287,0.013063465475463578,0.11849418604150783
8170,0.5474940863928048,0.0875453033629593,0.3649606102442359
8171,0.051746893548061175,0.001074406737574461,0.9471786997143643
8172,0.3424476477136593,0.054233289993116586,0.6033190622932241
8173,0.7545752337040084,0.02675690503429314,0.21866786126169846
8174,0.9736491306465959,0.0019677766873800314,0.024383092666024127
8175,0.8335724790916212,0.03019018949274491,0.13623733141563382
8176,0.7575746621035438,0.033907780472915684,0.20851755742354053
8177,0.34294377647575164,0.1279644226268107,0.5290918008974377
8178,0.44616063841342063,0.08059566308828146,0.4732436984982979
8179,0.49094390415474476,0.021656456405545407,0.4873996394397098
8180,0.840616338730334,0.09413013399291394,0.06525352727675206
8181,0.2841798893729971,0.024778292936296208,0.6910418176907067
8182,0.939451289992831,0.01925090489119408,0.0412978051159749
8183,0.352371430384225,0.05942374220497491,0.5882048274108
8184,0.8318840772394772,0.03269458507303754,0.1354213376874851
8185,0.9673372072873243,0.019770857741730874,0.01289193497094487
8186,0.7613713580423408,0.05337229335800249,0.18525634859965667
8187,0.6207187580860605,0.1767433259851214,0.20253791592881806
8188,0.8429883063594343,0.014944933637813582,0.14206676000275223
8189,0.27610279813412003,0.057534875841716626,0.6663623260241633
8190,0.4122171294903932,0.24585646605947617,0.34192640445013067
8191,0.948145528345049,0.004256587323843339,0.0475978843311077
8192,0.8223866439303209,0.014382630416032148,0.16323072565364696
8193,0.8823438338627018,0.006967091731394063,0.11068907440590411
8194,0.9433649178497517,0.021266982446135417,0.035368099704112775
8195,0.9336586546354496,0.0070508982221964694,0.05929044714235383
8196,0.8250136422674315,0.02514034891656501,0.1498460088160034
8197,0.7080982691850701,0.012220953331996926,0.2796807774829329
8198,0.4440556268344093,0.022009842185470658,0.5339345309801201
8199,0.8154218024448661,0.056214206404750736,0.12836399115038322
8200,0.9605127694359163,0.013767226858539683,0.025720003705544097
8201,0.177710511723089,0.01920830313795454,0.8030811851389565
8202,0.2433846119645219,0.04575923765209246,0.7108561503833857
8203,0.8806431989981726,0.008512275726545483,0.11084452527528209
8204,0.4527997578113765,0.06891595245418769,0.4782842897344358
8205,0.8856794134132202,0.00639625119962768,0.10792433538715224
8206,0.3756197811454524,0.023494434729433696,0.6008857841251138
8207,0.9088108375651697,0.013579921851140245,0.07760924058369023
8208,0.22755860187345794,0.08800157168967103,0.684439826436871
8209,0.7312727992924982,0.025675171036675982,0.24305202967082568
8210,0.8365156038526266,0.019998077523125112,0.14348631862424843
8211,0.3485554648154243,0.04649151866995679,0.604953016514619
8212,0.9548097058402195,0.004653391178019964,0.04053690298176065
8213,0.9150660685488373,0.01947044702425378,0.06546348442690895
8214,0.17981293167719564,0.05856843886356947,0.7616186294592348
8215,0.8048125096149518,0.0839684225947241,0.11121906779032423
8216,0.8457254986886685,0.01750345752947302,0.13677104378185848
8217,0.7668537158517601,0.09896047973361692,0.13418580441462305
8218,0.2029427296019749,0.06682804937966506,0.73022922101836
8219,0.7012761847013704,0.08554121005409926,0.21318260524453028
8220,0.9560066816377727,0.005472866415262024,0.03852045194696527
8221,0.10700374934469332,0.04018436988574204,0.8528118807695646
8222,0.5439504255899882,0.0717945117704983,0.3842550626395136
8223,0.8332079584868803,0.04837331349014997,0.11841872802296974
8224,0.5875485135807286,0.10756849162597173,0.3048829947932998
8225,0.01704836855094219,0.12200402711328158,0.8609476043357763
8226,0.002201836314457207,0.005587598488814497,0.9922105651967283
8227,0.9263872280327576,0.031123269168540406,0.04248950279870185
8228,0.930517095113861,0.011665470429820591,0.05781743445631842
8229,0.018825210242287258,0.011893816116676049,0.9692809736410367
8230,0.8057007538169496,0.09023558959366175,0.10406365658938863
8231,0.8287661752080928,0.08147022758972722,0.08976359720217987
8232,0.16316752280528315,0.028283866244561525,0.8085486109501553
8233,0.18228560266560784,0.020024363426884826,0.7976900339075074
8234,0.9458582877108835,0.01036420594742258,0.043777506341693806
8235,0.5228437856260069,0.03372974178301562,0.44342647259097745
8236,0.37614280634325253,0.01600335394641249,0.607853839710335
8237,0.7397192459714373,0.03654827646490583,0.22373247756365675
8238,0.48985249416437193,0.007456404596454511,0.5026911012391735
8239,0.28472758528538783,0.082284384754157,0.6329880299604552
8240,0.8735160144039843,0.037327797104008305,0.08915618849200746
8241,0.00041831727731418493,0.0006459126229103792,0.9989357700997755
8242,0.8014971639085523,0.025967633974760287,0.17253520211668752
8243,0.8448293978929149,0.030869952830580256,0.12430064927650471
8244,0.9785427072041963,0.0007482640895789794,0.02070902870622473
8245,0.8609611020521738,0.050261803135109424,0.0887770948127167
8246,0.34897534885909265,0.02935381972056928,0.6216708314203381
8247,0.9835701731724064,0.007286780648239066,0.009143046179354382
8248,0.9439459371130368,0.014829396740472534,0.04122466614649061
8249,0.8611749920711653,0.021269075941334627,0.11755593198750007
8250,0.9408908132866292,0.029978997166389038,0.029130189546981742
8251,0.6198613242487888,0.016945418087402676,0.3631932576638085
8252,0.8418194100141585,0.029196816064898507,0.12898377392094285
8253,0.8685716843085589,0.02410884109285253,0.10731947459858866
8254,0.6517449839123887,0.023417821252913928,0.3248371948346974
8255,0.591533418977007,0.17987484375493226,0.2285917372680608
8256,0.8092660530766338,0.06559920737474892,0.12513473954861729
8257,0.8207082657845411,0.08015142245071975,0.09914031176473916
8258,0.00022535674219585674,0.0006728087703510174,0.9991018344874532
8259,0.08516692137132376,0.08910712082981999,0.8257259577988562
8260,0.9528462628660059,0.007580446572600801,0.03957329056139328
8261,0.945370070968517,0.008787962006175985,0.04584196702530697
8262,0.7349924279447491,0.015140011239403702,0.24986756081584732
8263,0.9088365157198397,0.03593846311387323,0.0552250211662872
8264,0.8691595666635688,0.009222073354558337,0.1216183599818729
8265,0.7320870158721633,0.04749002171056214,0.22042296241727466
8266,0.005044390790373593,0.003351889394805605,0.9916037198148209
8267,0.8702695626174781,0.017752730007170016,0.11197770737535191
8268,0.9078946594032923,0.013374568582132576,0.07873077201457511
8269,0.889084377667842,0.04242110351516168,0.06849451881699627
8270,0.6300534612823558,0.03288885064323433,0.3370576880744099
8271,0.8901152061226292,0.03013022795654609,0.07975456592082476
8272,0.9464553791550827,0.003536353610809409,0.050008267234107735
8273,0.562363405004239,0.047428205664353934,0.3902083893314071
8274,0.8746144429715393,0.01743626146827601,0.10794929556018472
8275,0.32167708397915434,0.21435345255004676,0.4639694634707989
8276,0.5383948283396239,0.02026305209598302,0.44134211956439307
8277,0.833261367495506,0.022552743437804754,0.1441858890666894
8278,0.8825027292794171,0.011980630429133327,0.10551664029144944
8279,0.8983843310339257,0.008122123079426662,0.09349354588664767
8280,0.05759704267295837,0.02323893298262777,0.9191640243444138
8281,0.9490454026399844,0.010838379080280628,0.040116218279735154
8282,0.8651387707859619,0.0483495184978714,0.08651171071616671
8283,0.8837112772234597,0.012406100578752022,0.10388262219778831
8284,0.7785202115167871,0.03237338650070223,0.18910640198251066
8285,0.1474947830829268,0.07881665925145395,0.7736885576656193
8286,0.964856923457205,0.007825035445935165,0.0273180410968599
8287,0.7332518284232278,0.00914277593411902,0.2576053956426531
8288,0.9531196871140168,0.010614054148150677,0.036266258737832624
8289,0.24691200218669077,0.029781009247054884,0.7233069885662544
8290,0.10148864733453748,0.003946089643858731,0.8945652630216038
8291,0.42974586930578423,0.01764099106755776,0.552613139626658
8292,0.8317917656685135,0.028219043907286946,0.13998919042419938
8293,0.9430660955781625,0.005680458366785688,0.051253446055051756
8294,0.9133867505584584,0.01491442585666868,0.07169882358487287
8295,0.9458768696647089,0.015096490116791995,0.03902664021849913
8296,0.127413629108237,0.1053036895458456,0.7672826813459174
8297,0.8070777960494243,0.015991351385471312,0.17693085256510452
8298,0.9262550443740561,0.022264307036929266,0.05148064858901466
8299,0.8137819618654983,0.0319111854829215,0.1543068526515802
8300,0.8109138220533166,0.019606447072380993,0.1694797308743024
8301,0.4493810065280958,0.018170432876992288,0.5324485605949119
8302,0.07669613419840225,0.13276352668490318,0.7905403391166945
8303,0.9057185928239716,0.009591072034970897,0.08469033514105732
8304,0.2226327650770399,0.053355848174560815,0.7240113867483992
8305,0.9193717297177468,0.0328627799742481,0.04776549030800503
8306,0.8201870525017843,0.013967191698500124,0.1658457557997157
8307,0.00015949550062458148,0.004942891344051277,0.9948976131553241
8308,0.605157547576853,0.0077136387779562195,0.3871288136451907
8309,0.40404605740651856,0.03503324973572751,0.5609206928577539
8310,0.8108376623641783,0.022451717700456262,0.1667106199353654
8311,0.9302461122066069,0.01280756689247783,0.056946320900915295
8312,0.9207774329077496,0.01203652107668006,0.06718604601557038
8313,0.8423866541632736,0.029156846373389358,0.12845649946333715
8314,0.8952718142548877,0.015732360360587474,0.08899582538452502
8315,0.8057601959680651,0.04146668177752712,0.15277312225440767
8316,0.8583602052116112,0.03182250913568526,0.10981728565270352
8317,0.7445466278273066,0.0568644453821634,0.19858892679052997
8318,0.7960304027219588,0.032411261897902895,0.17155833538013826
8319,0.013694773332023505,0.003942157430905149,0.9823630692370714
8320,0.9353386972908956,0.01254955991590193,0.052111742793202506
8321,0.7136722369518129,0.028161351331009485,0.2581664117171776
8322,0.565296362752149,0.0420093603973576,0.3926942768504933
8323,0.001958652053512888,0.0020425033776406473,0.9959988445688464
8324,0.16770209808905034,0.020955069894175997,0.8113428320167737
8325,0.9543418163628137,0.01860814473747906,0.027050038899707446
8326,0.9015998505990114,0.025713239840808696,0.07268690956017998
8327,0.8380814074134733,0.04311324167339251,0.11880535091313413
8328,0.00012804729970642033,0.0026502331390036364,0.9972217195612898
8329,0.8884898722808132,0.02760656363908243,0.08390356408010445
8330,0.6253083654356208,0.03330747200418606,0.34138416256019305
8331,0.9454013642479783,0.014721206009932403,0.039877429742089215
8332,0.5652364467636678,0.06946450554444061,0.3652990476918917
8333,0.7441390771696565,0.009230132838613963,0.24663078999172935
8334,0.7405743954726401,0.010658614904150031,0.24876698962320976
8335,0.9127351576737236,0.009353163770075336,0.07791167855620111
8336,0.4787465535502053,0.02268643517383287,0.498567011275962
8337,0.6891036539973244,0.010419135760682785,0.30047721024199275
8338,0.9318287244440805,0.016701994713195466,0.051469280842724126
8339,0.5026702161393376,0.11787516715044033,0.3794546167102221
8340,0.94728798146468,0.006399496910354319,0.046312521624965734
8341,0.8790242284116468,0.019903226233135587,0.10107254535521752
8342,0.9079416459653085,0.04184768889993088,0.05021066513476076
8343,0.8315990710403,0.022098800324136796,0.14630212863556322
8344,0.0587158866285873,0.07749716135501326,0.8637869520163994
8345,0.9118074008919818,0.011941726768668186,0.07625087233934993
8346,0.029605796268198342,0.00756329461732116,0.9628309091144805
8347,0.2923813373838053,0.06411975590844883,0.6434989067077458
8348,0.4068411992557531,0.07595978542203374,0.5171990153222131
8349,0.9651547259089439,0.008080452539385148,0.026764821551670842
8350,0.8427909420343153,0.018625657568471527,0.13858340039721329
8351,0.5896183676643619,0.008123464520492694,0.4022581678151455
8352,0.8743497908621598,0.014829317180597284,0.11082089195724294
8353,0.04866899890045923,0.007271289317378452,0.9440597117821622
8354,0.07571271349860852,0.0851479138806278,0.8391393726207637
8355,0.9687559873119241,0.005830068723958423,0.025413943964117447
8356,0.7403485357593309,0.016672082665634927,0.24297938157503413
8357,0.04437411551431159,0.009061869190526272,0.9465640152951621
8358,0.28226059390237374,0.07565719677782744,0.6420822093197988
8359,0.9363751560680131,0.015767202396552906,0.04785764153543399
8360,0.9276394709889656,0.009502758301369338,0.06285777070966517
8361,0.6185262662350172,0.02233315629586726,0.3591405774691156
8362,0.8407581587205962,0.02125616633041353,0.1379856749489904
8363,0.5019557884109954,0.026278457887599544,0.47176575370140506
8364,0.9229982974026724,0.025372892245833903,0.05162881035149367
8365,0.8023660020709402,0.016924617025148754,0.180709380903911
8366,0.5270524773500938,0.02004223234443904,0.4529052903054672
8367,0.9206832819289091,0.0013072533943257931,0.07800946467676508
8368,0.9148564725851644,0.018394590064606132,0.06674893735022933
8369,0.24494463477015344,0.014851234851362617,0.7402041303784839
8370,0.867705791302271,0.04616949168356325,0.08612471701416581
8371,0.7523555234454669,0.021217440219169277,0.22642703633536385
8372,0.0083777304115706,0.0035329041762498406,0.9880893654121796
8373,0.06751371106866462,0.014092728949996544,0.9183935599813388
8374,0.12969610891978922,0.019941097895020632,0.85036279318519
8375,0.9583416591503808,0.010625548567234166,0.03103279228238494
8376,0.19968797668390353,0.0315131784662967,0.7687988448497998
8377,0.868108980973349,0.025000015402791953,0.10689100362385912
8378,0.8871874673400892,0.026097948973147808,0.08671458368676303
8379,0.9588276936936744,0.021770348888334717,0.019401957417990997
8380,0.776862410727351,0.019602468340257802,0.20353512093239123
8381,0.9051399333825688,0.038422984532357256,0.05643708208507389
8382,0.8435274586553588,0.01433251681284872,0.1421400245317924
8383,0.8466555096249941,0.02276157864845229,0.13058291172655367
8384,0.915849635735448,0.008793514672264741,0.07535684959228725
8385,0.1394023212173961,0.06042736536244164,0.8001703134201623
8386,0.4643704428898046,0.05490082672127133,0.480728730388924
8387,0.9155439498435067,0.011652817170079061,0.07280323298641402
8388,0.533636675554338,0.026267889044214492,0.44009543540144747
8389,0.5750230309240114,0.10930964074956766,0.3156673283264208
8390,0.0488086323015065,0.025945889424982674,0.9252454782735108
8391,0.5399781258554849,0.05192671258561262,0.40809516155890246
8392,0.8913988412553486,0.018423491966541212,0.09017766677811015
8393,0.9636294736535221,0.014238162945826813,0.02213236340065102
8394,0.18646581176709062,0.3302193020746757,0.4833148861582337
8395,0.5109215196229203,0.02232970464263729,0.4667487757344424
8396,0.7944275208988991,0.027141117550245078,0.17843136155085573
8397,0.8752052016823134,0.011942730219346722,0.1128520680983399
8398,0.933649128066764,0.020224560074438843,0.046126311858797064
8399,0.8059841963082423,0.09608564627455987,0.09793015741719789
8400,0.0032690141284315143,0.0030482049452346615,0.9936827809263338
8401,0.3288580593816424,0.08196848930430163,0.589173451314056
8402,0.3277123104427787,0.059617438915618604,0.6126702506416026
8403,0.21554899871637817,0.11958505675109624,0.6648659445325257
8404,0.7844918192669406,0.01550403396046877,0.20000414677259057
8405,0.004801096683169777,0.003242007176449624,0.9919568961403805
8406,0.840054082591136,0.013161690437759579,0.14678422697110433
8407,0.8699130179104357,0.01586778244606694,0.11421919964349742
8408,0.6342296849241348,0.018010737023206068,0.34775957805265906
8409,0.010604726981850741,0.03178974271704153,0.9576055303011077
8410,0.4477861195284675,0.11613588554133245,0.43607799493020005
8411,0.7669246901318443,0.024361860010285914,0.2087134498578699
8412,0.030394388584483588,0.0015939873437516869,0.9680116240717648
8413,0.015046421969218049,0.003572110678308435,0.9813814673524736
8414,0.914251839643261,0.015402858773656365,0.07034530158308268
8415,0.8486762791137609,0.03237635738577635,0.11894736350046274
8416,0.8352205967910278,0.014441040525358793,0.15033836268361353
8417,0.7438030702147339,0.007397074883667148,0.24879985490159895
8418,0.7878325949680643,0.05984843126018395,0.15231897377175177
8419,0.32844014611726796,0.032056118152149204,0.6395037357305828
8420,0.5687303101251994,0.02032366339744886,0.4109460264773518
8421,0.11587189615196113,0.04795435886065173,0.8361737449873871
8422,0.9375882417538651,0.012499603499025217,0.049912154747109604
8423,0.5696851654216452,0.05574794161234923,0.3745668929660056
8424,0.7436249370377901,0.05046509706067631,0.20590996590153365
8425,0.48268506672445893,0.15076336460765286,0.36655156866788813
8426,0.17366385094732684,0.08160881869567034,0.7447273303570029
8427,0.5168608640564764,0.0922404152571493,0.3908987206863744
8428,0.9746988121961325,0.005191457998452183,0.0201097298054152
8429,0.9450486778121907,0.012092961279003491,0.0428583609088058
8430,0.906403145547963,0.04347181394295718,0.050125040509079725
8431,0.008963682630653877,0.03466223075310516,0.9563740866162409
8432,0.8123028781925764,0.049538054144788776,0.1381590676626349
8433,0.7266085198216,0.08153064517454406,0.19186083500385603
8434,0.10206507354424972,0.03502202106231688,0.8629129053934335
8435,0.8816910115566704,0.003900580772883151,0.11440840767044652
8436,0.6736037437737596,0.02422639778515539,0.30216985844108496
8437,0.19191467420017236,0.020786551838002505,0.7872987739618251
8438,0.924519410145051,0.027307398758242125,0.048173191096706945
8439,0.7950563817157357,0.016502377964211258,0.18844124032005313
8440,0.7308354478540499,0.08433480872875682,0.18482974341719344
8441,0.315090661301693,0.017886727534618778,0.6670226111636883
8442,0.917747833997276,0.010168273803958666,0.07208389219876546
8443,0.939344358660171,0.005764242497953048,0.05489139884187616
8444,0.853825220837955,0.03130930207648929,0.11486547708555572
8445,0.8778993113540721,0.054853989923363856,0.06724669872256403
8446,0.5995730439262313,0.02894577959157628,0.3714811764821925
8447,0.11656204190649927,0.11640045381387748,0.7670375042796233
8448,0.7389083998610136,0.013978157736949746,0.2471134424020365
8449,0.6180348504976145,0.0782933712324967,0.3036717782698887
8450,0.5737010057011717,0.06370376337601488,0.3625952309228135
8451,0.8195173941813269,0.02514690960317468,0.1553356962154984
8452,0.9390349277905838,0.01381648673078029,0.0471485854786361
8453,0.6852300292181877,0.026263928995602658,0.28850604178620964
8454,0.6959776346432999,0.041498356421239,0.262524008935461
8455,0.5658928296098295,0.0059016865171380726,0.4282054838730325
8456,0.49379788313135237,0.024230191912848458,0.4819719249557991
8457,0.8970202297273925,0.01040998559244939,0.09256978468015832
8458,0.7075896921944496,0.13288619141816235,0.15952411638738806
8459,0.9406735048989043,0.020705620806738493,0.03862087429435726
8460,0.8764689142788227,0.015926248558543386,0.1076048371626341
8461,0.09996394864829032,0.027788639714023792,0.8722474116376859
8462,0.9047363185051182,0.03552374647351229,0.059739935021369615
8463,0.3557075308480898,0.007294813585230992,0.6369976555666792
8464,0.8011264814306993,0.12335333632693599,0.07552018224236463
8465,0.30194444258987835,0.01835272824080794,0.6797028291693138
8466,0.6461696050365081,0.0627948779382213,0.29103551702527064
8467,0.8969964513875988,0.008349469603573119,0.09465407900882823
8468,0.19994836539918442,0.02477427199549641,0.7752773626053192
8469,0.18487365015930016,0.07011616772601147,0.7450101821146884
8470,0.5472221597081176,0.040206025928800425,0.412571814363082
8471,0.9377587859654933,0.00816364025974044,0.05407757377476625
8472,0.7316434321326102,0.07688436986494619,0.1914721980024437
8473,0.8540703562281985,0.06652417993020823,0.07940546384159314
8474,0.7429694299578046,0.04198476109173832,0.21504580895045716
8475,0.4640431547541026,0.06475448658700429,0.4712023586588931
8476,0.9255118435773482,0.012366650796513634,0.06212150562613817
8477,0.7856516023851071,0.08108236721246169,0.13326603040243123
8478,0.8877942680326035,0.0461182038881923,0.06608752807920407
8479,0.8824910927474476,0.011938300778977309,0.10557060647357518
8480,0.9152334051958477,0.013938181216635648,0.07082841358751676
8481,0.9351440365323533,0.026112682329580854,0.038743281138065876
8482,0.6784576444530803,0.007415069645941964,0.3141272859009777
8483,0.15187726420765366,0.015195629449398822,0.8329271063429475
8484,0.6652354060932758,0.040195126550273956,0.2945694673564503
8485,0.929707182139718,0.02583400325006943,0.044458814610212484
8486,0.34921396746794353,0.04362504285544537,0.6071609896766111
8487,0.7265088252644375,0.05074244530704462,0.22274872942851787
8488,0.9073949850719705,0.022904051211851004,0.06970096371617857
8489,0.8106643592256068,0.02879663650982776,0.16053900426456533
8490,0.06214265061356806,0.011236977530985792,0.9266203718554461
8491,0.2656498491336882,0.031756434457207654,0.7025937164091042
8492,0.8272580997593293,0.03916265991620084,0.1335792403244699
8493,0.9116986082369863,0.008318615886797838,0.07998277587621576
8494,0.8359076437623356,0.03034132489667933,0.13375103134098507
8495,0.6981324597503838,0.1066564997125422,0.1952110405370739
8496,0.8559918634195698,0.062466806354837805,0.08154133022559229
8497,0.8821367252534292,0.01811422935063597,0.09974904539593493
8498,0.1607945911009175,0.045220060062136205,0.7939853488369463
8499,0.9226046712569891,0.009860501360752493,0.06753482738225848
8500,0.8373184717091433,0.0315192317202479,0.13116229657060888
8501,0.812508436444011,0.017397340572069892,0.17009422298391907
8502,0.009008648817637169,0.019657137612528037,0.9713342135698347
8503,0.6957821727969292,0.08531626141792517,0.21890156578514564
8504,0.3876431431643459,0.032015688431605405,0.5803411684040487
8505,0.9788495045003321,0.0034071547487591284,0.01774334075090892
8506,0.9339657819272752,0.012729958000255715,0.0533042600724692
8507,0.7887336473581801,0.01993728791987848,0.19132906472194136
8508,0.8773215647936881,0.01900854001262414,0.10366989519368784
8509,0.9045830374475052,0.011761345775224266,0.08365561677727044
8510,0.7070084285095117,0.02742135542229257,0.26557021606819575
8511,0.8540307417524572,0.022978170428481513,0.12299108781906125
8512,0.15020722919743248,0.03171759041745148,0.8180751803851161
8513,0.5936052794176931,0.10678161646243393,0.29961310411987296
8514,0.06726077806789547,0.01863183030970347,0.9141073916224012
8515,0.8617592768341963,0.006338480616323578,0.13190224254948021
8516,0.19969035471971297,0.021723087644671898,0.778586557635615
